V 54
K 1
D 0 -1524000 2540000 1524000
Y 1
U 2159000 1524000 254000 0 2 3 REFDES=Q?
U 2159000 1270000 254000 0 2 3 DEVICE=STL8N10F7
U 2159000 1016000 254000 0 2 0 PKG_TYPE=STL8N10F7
U 2159000 762000 254000 0 2 0 Description=N-channel 100 V, 17 m typ., 8 A STripFET F7 Power MOSFET in a PowerFLAT 3.3x3.3 package
U 2159000 508000 254000 0 2 0 Datasheet Link=https://www.st.com/resource/en/datasheet/stl8n10f7.pdf
U 2159000 254000 254000 0 2 0 Height=0.9
U 2159000 0 254000 0 2 0 Mouser Part Number=511-STL8N10F7
U 2159000 -254000 254000 0 2 0 Mouser Price/Stock=https://www.mouser.co.uk/ProductDetail/STMicroelectronics/STL8N10F7?qs=DqCdCwOw4%2F4Qzkp1A1E6dA%3D%3D
U 2159000 -508000 254000 0 2 0 Manufacturer_Name=STMicroelectronics
U 2159000 -762000 254000 0 2 0 Manufacturer_Part_Number=STL8N10F7
U 0 0 254000 0 1 0 FORWARD_PCB=1
l 5 508000 1016000 2032000 1016000 2032000 -1016000 508000 -1016000 508000 1016000
|GRPHSTL -1 -1 -1 1
P 1 762000 -1524000 762000 -1016000 0 1 0
L 762000 -939800 228600 1 2 0 1 0 S_1
A 711200 -1168400 203200 1 9 3 #=1
A 0 0 9 0 3 0 PINTYPE=BI
P 2 1016000 -1524000 1016000 -1016000 0 1 0
L 1016000 -939800 228600 1 2 0 1 0 S_2
A 965200 -1168400 203200 1 9 3 #=2
A 0 0 9 0 3 0 PINTYPE=BI
P 3 1270000 -1524000 1270000 -1016000 0 1 0
L 1270000 -939800 228600 1 2 0 1 0 S_3
A 1219200 -1168400 203200 1 9 3 #=3
A 0 0 9 0 3 0 PINTYPE=BI
P 4 1524000 -1524000 1524000 -1016000 0 1 0
L 1524000 -939800 228600 1 2 0 1 0 G
A 1473200 -1168400 203200 1 9 3 #=4
A 0 0 9 0 3 0 PINTYPE=BI
P 5 1270000 1524000 1270000 1016000 0 0 0
L 1270000 939800 228600 1 8 0 1 0 D_1
A 1219200 1168400 203200 1 3 3 #=5
A 0 0 9 0 3 0 PINTYPE=BI
P 6 0 0 508000 0 0 2 0
L 584200 0 228600 0 2 0 1 0 D_2
A 355600 50800 203200 0 9 3 #=6
A 0 0 9 0 3 0 PINTYPE=BI
P 7 2540000 0 2032000 0 0 3 0
L 1955800 0 228600 0 8 0 1 0 D_3
A 2184400 50800 203200 0 3 3 #=7
A 0 0 9 0 3 0 PINTYPE=BI
E
