V 54
K 1
D 0 -762000 2286000 0
Y 1
U 1905000 762000 254000 0 2 3 REFDES=J?
U 1905000 508000 254000 0 2 3 DEVICE=USB1130-15-A
U 1905000 254000 254000 0 2 0 PKG_TYPE=USB113015A
U 1905000 0 254000 0 2 0 Description=USB Connectors USB A 2.0 Skt RA High Life 15u" T Hole W/Shell Stake T & R
U 1905000 -254000 254000 0 2 0 Datasheet Link=https://gct.co/files/drawings/usb1130.pdf?v=af75e0ab-3313-4c97-a925-9953a1c7de6b
U 1905000 -508000 254000 0 2 0 Height=7.24
U 1905000 -762000 254000 0 2 0 Mouser Part Number=640-USB1130-15-A
U 1905000 -1016000 254000 0 2 0 Mouser Price/Stock=https://www.mouser.co.uk/ProductDetail/GCT/USB1130-15-A?qs=KUoIvG%2F9IlbUm2WMV7vmzg%3D%3D
U 1905000 -1270000 254000 0 2 0 Manufacturer_Name=GCT (GLOBAL CONNECTOR TECHNOLOGY)
U 1905000 -1524000 254000 0 2 0 Manufacturer_Part_Number=USB1130-15-A
U 0 0 254000 0 1 0 FORWARD_PCB=1
l 5 508000 254000 1778000 254000 1778000 -1016000 508000 -1016000 508000 254000
|GRPHSTL -1 -1 -1 1
P 1 2286000 0 1778000 0 0 3 0
L 1701800 0 228600 0 8 0 1 0 1
A 1930400 50800 203200 0 3 3 #=1
A 0 0 9 0 3 0 PINTYPE=BI
P 2 2286000 -254000 1778000 -254000 0 3 0
L 1701800 -254000 228600 0 8 0 1 0 2
A 1930400 -203200 203200 0 3 3 #=2
A 0 0 9 0 3 0 PINTYPE=BI
P 3 2286000 -508000 1778000 -508000 0 3 0
L 1701800 -508000 228600 0 8 0 1 0 3
A 1930400 -457200 203200 0 3 3 #=3
A 0 0 9 0 3 0 PINTYPE=BI
P 4 2286000 -762000 1778000 -762000 0 3 0
L 1701800 -762000 228600 0 8 0 1 0 4
A 1930400 -711200 203200 0 3 3 #=4
A 0 0 9 0 3 0 PINTYPE=BI
P 5 0 0 508000 0 0 2 0
L 584200 0 228600 0 2 0 1 0 MH1
A 355600 50800 203200 0 9 3 #=5
A 0 0 9 0 3 0 PINTYPE=BI
P 6 0 -254000 508000 -254000 0 2 0
L 584200 -254000 228600 0 2 0 1 0 MH2
A 355600 -203200 203200 0 9 3 #=6
A 0 0 9 0 3 0 PINTYPE=BI
E
