V 54
K 1
D 0 -3810000 2540000 0
Y 1
U 2159000 762000 254000 0 2 3 REFDES=J?
U 2159000 508000 254000 0 2 3 DEVICE=09221326922
U 2159000 254000 254000 0 2 0 PKG_TYPE=09221326922
U 2159000 0 254000 0 2 0 Description=DIN 2B male straight 32pin, PL2
U 2159000 -254000 254000 0 2 0 Datasheet Link=https://b2b.harting.com/files/download/PRD/PDF_DS/PDF_DS_09031200201.pdf
U 2159000 -508000 254000 0 2 0 Height=10.2
U 2159000 -762000 254000 0 2 0 Mouser Part Number=617-09221326922
U 2159000 -1016000 254000 0 2 0 Mouser Price/Stock=https://www.mouser.co.uk/ProductDetail/HARTING/09221326922?qs=Afqhj6cPmO%252B%2FNhXYLDucCw%3D%3D
U 2159000 -1270000 254000 0 2 0 Manufacturer_Name=HARTING
U 2159000 -1524000 254000 0 2 0 Manufacturer_Part_Number=09221326922
U 0 0 254000 0 1 0 FORWARD_PCB=1
l 5 508000 254000 2032000 254000 2032000 -4064000 508000 -4064000 508000 254000
|GRPHSTL -1 -1 -1 1
P 1 0 -3810000 508000 -3810000 0 2 0
L 584200 -3810000 228600 0 2 0 1 0 A1
A 355600 -3759200 203200 0 9 3 #=A1
A 0 0 9 0 3 0 PINTYPE=BI
P 2 0 -3556000 508000 -3556000 0 2 0
L 584200 -3556000 228600 0 2 0 1 0 A2
A 355600 -3505200 203200 0 9 3 #=A2
A 0 0 9 0 3 0 PINTYPE=BI
P 3 0 -3302000 508000 -3302000 0 2 0
L 584200 -3302000 228600 0 2 0 1 0 A3
A 355600 -3251200 203200 0 9 3 #=A3
A 0 0 9 0 3 0 PINTYPE=BI
P 4 0 -3048000 508000 -3048000 0 2 0
L 584200 -3048000 228600 0 2 0 1 0 A4
A 355600 -2997200 203200 0 9 3 #=A4
A 0 0 9 0 3 0 PINTYPE=BI
P 5 0 -2794000 508000 -2794000 0 2 0
L 584200 -2794000 228600 0 2 0 1 0 A5
A 355600 -2743200 203200 0 9 3 #=A5
A 0 0 9 0 3 0 PINTYPE=BI
P 6 0 -2540000 508000 -2540000 0 2 0
L 584200 -2540000 228600 0 2 0 1 0 A6
A 355600 -2489200 203200 0 9 3 #=A6
A 0 0 9 0 3 0 PINTYPE=BI
P 7 0 -2286000 508000 -2286000 0 2 0
L 584200 -2286000 228600 0 2 0 1 0 A7
A 355600 -2235200 203200 0 9 3 #=A7
A 0 0 9 0 3 0 PINTYPE=BI
P 8 0 -2032000 508000 -2032000 0 2 0
L 584200 -2032000 228600 0 2 0 1 0 A8
A 355600 -1981200 203200 0 9 3 #=A8
A 0 0 9 0 3 0 PINTYPE=BI
P 9 0 -1778000 508000 -1778000 0 2 0
L 584200 -1778000 228600 0 2 0 1 0 A9
A 355600 -1727200 203200 0 9 3 #=A9
A 0 0 9 0 3 0 PINTYPE=BI
P 10 0 -1524000 508000 -1524000 0 2 0
L 584200 -1524000 228600 0 2 0 1 0 A10
A 355600 -1473200 203200 0 9 3 #=A10
A 0 0 9 0 3 0 PINTYPE=BI
P 11 0 -1270000 508000 -1270000 0 2 0
L 584200 -1270000 228600 0 2 0 1 0 A11
A 355600 -1219200 203200 0 9 3 #=A11
A 0 0 9 0 3 0 PINTYPE=BI
P 12 0 -1016000 508000 -1016000 0 2 0
L 584200 -1016000 228600 0 2 0 1 0 A12
A 355600 -965200 203200 0 9 3 #=A12
A 0 0 9 0 3 0 PINTYPE=BI
P 13 0 -762000 508000 -762000 0 2 0
L 584200 -762000 228600 0 2 0 1 0 A13
A 355600 -711200 203200 0 9 3 #=A13
A 0 0 9 0 3 0 PINTYPE=BI
P 14 0 -508000 508000 -508000 0 2 0
L 584200 -508000 228600 0 2 0 1 0 A14
A 355600 -457200 203200 0 9 3 #=A14
A 0 0 9 0 3 0 PINTYPE=BI
P 15 0 -254000 508000 -254000 0 2 0
L 584200 -254000 228600 0 2 0 1 0 A15
A 355600 -203200 203200 0 9 3 #=A15
A 0 0 9 0 3 0 PINTYPE=BI
P 16 0 0 508000 0 0 2 0
L 584200 0 228600 0 2 0 1 0 A16
A 355600 50800 203200 0 9 3 #=A16
A 0 0 9 0 3 0 PINTYPE=BI
P 17 2540000 -3810000 2032000 -3810000 0 3 0
L 1955800 -3810000 228600 0 8 0 1 0 B1
A 2184400 -3759200 203200 0 3 3 #=B1
A 0 0 9 0 3 0 PINTYPE=BI
P 18 2540000 -3556000 2032000 -3556000 0 3 0
L 1955800 -3556000 228600 0 8 0 1 0 B2
A 2184400 -3505200 203200 0 3 3 #=B2
A 0 0 9 0 3 0 PINTYPE=BI
P 19 2540000 -3302000 2032000 -3302000 0 3 0
L 1955800 -3302000 228600 0 8 0 1 0 B3
A 2184400 -3251200 203200 0 3 3 #=B3
A 0 0 9 0 3 0 PINTYPE=BI
P 20 2540000 -3048000 2032000 -3048000 0 3 0
L 1955800 -3048000 228600 0 8 0 1 0 B4
A 2184400 -2997200 203200 0 3 3 #=B4
A 0 0 9 0 3 0 PINTYPE=BI
P 21 2540000 -2794000 2032000 -2794000 0 3 0
L 1955800 -2794000 228600 0 8 0 1 0 B5
A 2184400 -2743200 203200 0 3 3 #=B5
A 0 0 9 0 3 0 PINTYPE=BI
P 22 2540000 -2540000 2032000 -2540000 0 3 0
L 1955800 -2540000 228600 0 8 0 1 0 B6
A 2184400 -2489200 203200 0 3 3 #=B6
A 0 0 9 0 3 0 PINTYPE=BI
P 23 2540000 -2286000 2032000 -2286000 0 3 0
L 1955800 -2286000 228600 0 8 0 1 0 B7
A 2184400 -2235200 203200 0 3 3 #=B7
A 0 0 9 0 3 0 PINTYPE=BI
P 24 2540000 -2032000 2032000 -2032000 0 3 0
L 1955800 -2032000 228600 0 8 0 1 0 B8
A 2184400 -1981200 203200 0 3 3 #=B8
A 0 0 9 0 3 0 PINTYPE=BI
P 25 2540000 -1778000 2032000 -1778000 0 3 0
L 1955800 -1778000 228600 0 8 0 1 0 B9
A 2184400 -1727200 203200 0 3 3 #=B9
A 0 0 9 0 3 0 PINTYPE=BI
P 26 2540000 -1524000 2032000 -1524000 0 3 0
L 1955800 -1524000 228600 0 8 0 1 0 B10
A 2184400 -1473200 203200 0 3 3 #=B10
A 0 0 9 0 3 0 PINTYPE=BI
P 27 2540000 -1270000 2032000 -1270000 0 3 0
L 1955800 -1270000 228600 0 8 0 1 0 B11
A 2184400 -1219200 203200 0 3 3 #=B11
A 0 0 9 0 3 0 PINTYPE=BI
P 28 2540000 -1016000 2032000 -1016000 0 3 0
L 1955800 -1016000 228600 0 8 0 1 0 B12
A 2184400 -965200 203200 0 3 3 #=B12
A 0 0 9 0 3 0 PINTYPE=BI
P 29 2540000 -762000 2032000 -762000 0 3 0
L 1955800 -762000 228600 0 8 0 1 0 B13
A 2184400 -711200 203200 0 3 3 #=B13
A 0 0 9 0 3 0 PINTYPE=BI
P 30 2540000 -508000 2032000 -508000 0 3 0
L 1955800 -508000 228600 0 8 0 1 0 B14
A 2184400 -457200 203200 0 3 3 #=B14
A 0 0 9 0 3 0 PINTYPE=BI
P 31 2540000 -254000 2032000 -254000 0 3 0
L 1955800 -254000 228600 0 8 0 1 0 B15
A 2184400 -203200 203200 0 3 3 #=B15
A 0 0 9 0 3 0 PINTYPE=BI
P 32 2540000 0 2032000 0 0 3 0
L 1955800 0 228600 0 8 0 1 0 B16
A 2184400 50800 203200 0 3 3 #=B16
A 0 0 9 0 3 0 PINTYPE=BI
E
