V 54
K 1
D 0 0 1778000 0
Y 1
U 1397000 635000 254000 0 2 3 REFDES=F?
U 1397000 381000 254000 0 2 3 DEVICE=2920L600_24SLER
U 1397000 127000 254000 0 2 0 PKG_TYPE=2920L700SLPR
U 1397000 -127000 254000 0 2 0 Description=Low Rho Surface Mount Resettable PTC Fuse
U 1397000 -381000 254000 0 2 0 Datasheet Link=https://www.mouser.fr/datasheet/2/240/littelfuse_ptc_low_rho_datasheet_pdf-1901322.pdf
U 1397000 -635000 254000 0 2 0 Height=1.2
U 1397000 -889000 254000 0 2 0 Mouser Part Number=576-2920L600/24SLER
U 1397000 -1143000 254000 0 2 0 Mouser Price/Stock=https://www.mouser.co.uk/ProductDetail/Littelfuse/2920L600-24SLER?qs=7MVldsJ5Uaz%2FccYHZvZIZA%3D%3D
U 1397000 -1397000 254000 0 2 0 Manufacturer_Name=LITTELFUSE
U 1397000 -1651000 254000 0 2 0 Manufacturer_Part_Number=2920L600/24SLER
U 0 0 254000 0 1 0 FORWARD_PCB=1
l 5 508000 127000 1270000 127000 1270000 -127000 508000 -127000 508000 127000
|GRPHSTL -1 -1 -1 1
l 4 558800 -203200 711200 -203200 1066800 203200 1219200 203200
|GRPHSTL -1 -1 -1 1
P 1 0 0 508000 0 0 2 0
L 0 -25400 228600 0 1 0 3 0 1
A 0 25400 203200 0 3 3 #=1
A 0 0 9 0 3 0 PINTYPE=BI
P 2 1778000 0 1270000 0 0 3 0
L 1778000 -25400 228600 0 7 0 3 0 2
A 1778000 25400 203200 0 9 3 #=2
A 0 0 9 0 3 0 PINTYPE=BI
E
