V 54
K 1
D 0 -254000 2540000 0
Y 1
U 2159000 762000 254000 0 2 3 REFDES=LS?
U 2159000 508000 254000 0 2 3 DEVICE=AD-85F4CR
U 2159000 254000 254000 0 2 0 PKG_TYPE=AD85F4CR
U 2159000 0 254000 0 2 0 Description=Piezo Buzzers & Audio Indicators EM Buzzer 2730Hz 3.6VAC, 87dBA
U 2159000 -254000 254000 0 2 0 Datasheet Link=https://www.aatc.tw/images/pdf/202005089c959.pdf
U 2159000 -508000 254000 0 2 0 Height=4.5
U 2159000 -762000 254000 0 2 0 Mouser Part Number=
U 2159000 -1016000 254000 0 2 0 Mouser Price/Stock=
U 2159000 -1270000 254000 0 2 0 Manufacturer_Name=AATC
U 2159000 -1524000 254000 0 2 0 Manufacturer_Part_Number=AD-85F4CR
U 0 0 254000 0 1 0 FORWARD_PCB=1
l 5 508000 254000 2032000 254000 2032000 -508000 508000 -508000 508000 254000
|GRPHSTL -1 -1 -1 1
P 1 0 0 508000 0 0 2 0
L 584200 0 228600 0 2 0 1 0 +
A 355600 50800 203200 0 9 3 #=1
A 0 0 9 0 3 0 PINTYPE=BI
P 2 0 -254000 508000 -254000 0 2 0
L 584200 -254000 228600 0 2 0 1 0 -
A 355600 -203200 203200 0 9 3 #=2
A 0 0 9 0 3 0 PINTYPE=BI
P 3 2540000 0 2032000 0 0 3 0
L 1955800 0 228600 0 8 0 1 0 DUMMY
A 2184400 50800 203200 0 3 3 #=3
A 0 0 9 0 3 0 PINTYPE=BI
E
