V 54
K 1
D 0 -762000 0 0
Y 1
U 1651000 762000 254000 0 2 3 REFDES=J?
U 1651000 508000 254000 0 2 3 DEVICE=35312-0460
U 1651000 254000 254000 0 2 0 PKG_TYPE=SHDR4W64P0X250_1X4_1246X650X700P
U 1651000 0 254000 0 2 0 Description=Headers & Wire Housings 2.5 PITCH W/B CONN WAFER ASSY
U 1651000 -254000 254000 0 2 0 Datasheet Link=https://www.molex.com/pdm_docs/sd/353120460_sd.pdf
U 1651000 -508000 254000 0 2 0 Height=7
U 1651000 -762000 254000 0 2 0 Mouser Part Number=538-35312-0460
U 1651000 -1016000 254000 0 2 0 Mouser Price/Stock=https://www.mouser.co.uk/ProductDetail/Molex/35312-0460?qs=K5bGVUuM57oIWvCwIBpyrQ%3D%3D
U 1651000 -1270000 254000 0 2 0 Manufacturer_Name=Molex
U 1651000 -1524000 254000 0 2 0 Manufacturer_Part_Number=35312-0460
U 0 0 254000 0 1 0 FORWARD_PCB=1
l 5 508000 254000 1524000 254000 1524000 -1016000 508000 -1016000 508000 254000
|GRPHSTL -1 -1 -1 1
P 1 0 0 508000 0 0 2 0
L 584200 0 228600 0 2 0 1 0 1
A 355600 50800 203200 0 9 3 #=1
A 0 0 9 0 3 0 PINTYPE=BI
P 2 0 -254000 508000 -254000 0 2 0
L 584200 -254000 228600 0 2 0 1 0 2
A 355600 -203200 203200 0 9 3 #=2
A 0 0 9 0 3 0 PINTYPE=BI
P 3 0 -508000 508000 -508000 0 2 0
L 584200 -508000 228600 0 2 0 1 0 3
A 355600 -457200 203200 0 9 3 #=3
A 0 0 9 0 3 0 PINTYPE=BI
P 4 0 -762000 508000 -762000 0 2 0
L 584200 -762000 228600 0 2 0 1 0 4
A 355600 -711200 203200 0 9 3 #=4
A 0 0 9 0 3 0 PINTYPE=BI
E
