V 54
K 1
D 0 -1016000 2794000 0
Y 1
U 2413000 762000 254000 0 2 3 REFDES=Q?
U 2413000 508000 254000 0 2 3 DEVICE=STL36DN6F7
U 2413000 254000 254000 0 2 0 PKG_TYPE=STL36DN6F7
U 2413000 0 254000 0 2 0 Description=Dual N-channel 60 V, 23 m typ., 33 A STripFET F7 Power MOSFET in a PowerFLAT 5x6 double island package
U 2413000 -254000 254000 0 2 0 Datasheet Link=https://www.st.com/resource/en/datasheet/stl36dn6f7.pdf
U 2413000 -508000 254000 0 2 0 Height=
U 2413000 -762000 254000 0 2 0 Mouser Part Number=511-STL36DN6F7
U 2413000 -1016000 254000 0 2 0 Mouser Price/Stock=https://www.mouser.co.uk/ProductDetail/STMicroelectronics/STL36DN6F7/?qs=u4fy%2FsgLU9MwLM2KeqBprA%3D%3D
U 2413000 -1270000 254000 0 2 0 Manufacturer_Name=STMicroelectronics
U 2413000 -1524000 254000 0 2 0 Manufacturer_Part_Number=STL36DN6F7
U 0 0 254000 0 1 0 FORWARD_PCB=1
l 5 508000 254000 2286000 254000 2286000 -1270000 508000 -1270000 508000 254000
|GRPHSTL -1 -1 -1 1
P 1 0 0 508000 0 0 2 0
L 584200 0 228600 0 2 0 1 0 S2
A 355600 50800 203200 0 9 3 #=1
A 0 0 9 0 3 0 PINTYPE=BI
P 2 0 -254000 508000 -254000 0 2 0
L 584200 -254000 228600 0 2 0 1 0 G2
A 355600 -203200 203200 0 9 3 #=2
A 0 0 9 0 3 0 PINTYPE=BI
P 3 0 -508000 508000 -508000 0 2 0
L 584200 -508000 228600 0 2 0 1 0 S1
A 355600 -457200 203200 0 9 3 #=3
A 0 0 9 0 3 0 PINTYPE=BI
P 4 0 -762000 508000 -762000 0 2 0
L 584200 -762000 228600 0 2 0 1 0 G1
A 355600 -711200 203200 0 9 3 #=4
A 0 0 9 0 3 0 PINTYPE=BI
P 5 0 -1016000 508000 -1016000 0 2 0
L 584200 -1016000 228600 0 2 0 1 0 D1_1
A 355600 -965200 203200 0 9 3 #=5
A 0 0 9 0 3 0 PINTYPE=BI
P 6 2794000 0 2286000 0 0 3 0
L 2209800 0 228600 0 8 0 1 0 D1_2
A 2438400 50800 203200 0 3 3 #=6
A 0 0 9 0 3 0 PINTYPE=BI
P 7 2794000 -254000 2286000 -254000 0 3 0
L 2209800 -254000 228600 0 8 0 1 0 D2_1
A 2438400 -203200 203200 0 3 3 #=7
A 0 0 9 0 3 0 PINTYPE=BI
P 8 2794000 -508000 2286000 -508000 0 3 0
L 2209800 -508000 228600 0 8 0 1 0 D2_2
A 2438400 -457200 203200 0 3 3 #=8
A 0 0 9 0 3 0 PINTYPE=BI
P 9 2794000 -762000 2286000 -762000 0 3 0
L 2209800 -762000 228600 0 8 0 1 0 D2_3
A 2438400 -711200 203200 0 3 3 #=9
A 0 0 9 0 3 0 PINTYPE=BI
P 10 2794000 -1016000 2286000 -1016000 0 3 0
L 2209800 -1016000 228600 0 8 0 1 0 D1_3
A 2438400 -965200 203200 0 3 3 #=10
A 0 0 9 0 3 0 PINTYPE=BI
E
