V 54
K 1
D 0 -2794000 3048000 0
Y 1
U 2667000 762000 254000 0 2 3 REFDES=IC?
U 2667000 508000 254000 0 2 3 DEVICE=CY15B116QN-40BKXI
U 2667000 254000 254000 0 2 0 PKG_TYPE=BGA24C100P5X5_600X800X120
U 2667000 0 254000 0 2 0 Description=CY15B116QN-40BKXI
U 2667000 -254000 254000 0 2 0 Datasheet Link=https://www.infineon.com/dgdl/Infineon-CY15B116QN-40BKXIE-DataSheet-v06_00-EN.pdf?fileId=8ac78c8c7d0d8da4017d0eea4dc6734b
U 2667000 -508000 254000 0 2 0 Height=1.2
U 2667000 -762000 254000 0 2 0 Mouser Part Number=727-CY15B116QN40BKXI
U 2667000 -1016000 254000 0 2 0 Mouser Price/Stock=https://www.mouser.co.uk/ProductDetail/Infineon-Technologies/CY15B116QN-40BKXI?qs=vvQtp7zwQdPnw7xP166xGg%3D%3D
U 2667000 -1270000 254000 0 2 0 Manufacturer_Name=Infineon
U 2667000 -1524000 254000 0 2 0 Manufacturer_Part_Number=CY15B116QN-40BKXI
U 0 0 254000 0 1 0 FORWARD_PCB=1
l 5 508000 254000 2540000 254000 2540000 -3048000 508000 -3048000 508000 254000
|GRPHSTL -1 -1 -1 1
P 1 0 0 508000 0 0 2 0
L 584200 0 228600 0 2 0 1 0 NC_1
A 355600 50800 203200 0 9 3 #=A2
A 0 0 9 0 3 0 PINTYPE=BI
P 2 0 -254000 508000 -254000 0 2 0
L 584200 -254000 228600 0 2 0 1 0 NC_2
A 355600 -203200 203200 0 9 3 #=A3
A 0 0 9 0 3 0 PINTYPE=BI
P 3 0 -508000 508000 -508000 0 2 0
L 584200 -508000 228600 0 2 0 1 0 NC_3
A 355600 -457200 203200 0 9 3 #=A4
A 0 0 9 0 3 0 PINTYPE=BI
P 4 0 -762000 508000 -762000 0 2 0
L 584200 -762000 228600 0 2 0 1 0 NC_4
A 355600 -711200 203200 0 9 3 #=A5
A 0 0 9 0 3 0 PINTYPE=BI
P 5 0 -1016000 508000 -1016000 0 2 0
L 584200 -1016000 228600 0 2 0 1 0 NC_5
A 355600 -965200 203200 0 9 3 #=B1
A 0 0 9 0 3 0 PINTYPE=BI
P 6 0 -1270000 508000 -1270000 0 2 0
L 584200 -1270000 228600 0 2 0 1 0 SCK
A 355600 -1219200 203200 0 9 3 #=B2
A 0 0 9 0 3 0 PINTYPE=BI
P 7 0 -1524000 508000 -1524000 0 2 0
L 584200 -1524000 228600 0 2 0 1 0 VSS
A 355600 -1473200 203200 0 9 3 #=B3
A 0 0 9 0 3 0 PINTYPE=BI
P 8 0 -1778000 508000 -1778000 0 2 0
L 584200 -1778000 228600 0 2 0 1 0 VDD
A 355600 -1727200 203200 0 9 3 #=B4
A 0 0 9 0 3 0 PINTYPE=BI
P 9 0 -2032000 508000 -2032000 0 2 0
L 584200 -2032000 228600 0 2 0 1 0 NC_6
A 355600 -1981200 203200 0 9 3 #=B5
A 0 0 9 0 3 0 PINTYPE=BI
P 10 0 -2286000 508000 -2286000 0 2 0
L 584200 -2286000 228600 0 2 0 1 0 NC_7
A 355600 -2235200 203200 0 9 3 #=C1
A 0 0 9 0 3 0 PINTYPE=BI
P 11 0 -2540000 508000 -2540000 0 2 0
L 584200 -2540000 228600 0 2 0 1 0 ~CS
A 355600 -2489200 203200 0 9 3 #=C2
A 0 0 9 0 3 0 PINTYPE=BI
P 12 0 -2794000 508000 -2794000 0 2 0
L 584200 -2794000 228600 0 2 0 1 0 NC_8
A 355600 -2743200 203200 0 9 3 #=C3
A 0 0 9 0 3 0 PINTYPE=BI
P 13 3048000 0 2540000 0 0 3 0
L 2463800 0 228600 0 8 0 1 0 ~WP
A 2692400 50800 203200 0 3 3 #=C4
A 0 0 9 0 3 0 PINTYPE=BI
P 14 3048000 -254000 2540000 -254000 0 3 0
L 2463800 -254000 228600 0 8 0 1 0 NC_9
A 2692400 -203200 203200 0 3 3 #=C5
A 0 0 9 0 3 0 PINTYPE=BI
P 15 3048000 -508000 2540000 -508000 0 3 0
L 2463800 -508000 228600 0 8 0 1 0 NC_10
A 2692400 -457200 203200 0 3 3 #=D1
A 0 0 9 0 3 0 PINTYPE=BI
P 16 3048000 -762000 2540000 -762000 0 3 0
L 2463800 -762000 228600 0 8 0 1 0 SO
A 2692400 -711200 203200 0 3 3 #=D2
A 0 0 9 0 3 0 PINTYPE=BI
P 17 3048000 -1016000 2540000 -1016000 0 3 0
L 2463800 -1016000 228600 0 8 0 1 0 SI
A 2692400 -965200 203200 0 3 3 #=D3
A 0 0 9 0 3 0 PINTYPE=BI
P 18 3048000 -1270000 2540000 -1270000 0 3 0
L 2463800 -1270000 228600 0 8 0 1 0 DNU
A 2692400 -1219200 203200 0 3 3 #=D4
A 0 0 9 0 3 0 PINTYPE=BI
P 19 3048000 -1524000 2540000 -1524000 0 3 0
L 2463800 -1524000 228600 0 8 0 1 0 NC_11
A 2692400 -1473200 203200 0 3 3 #=D5
A 0 0 9 0 3 0 PINTYPE=BI
P 20 3048000 -1778000 2540000 -1778000 0 3 0
L 2463800 -1778000 228600 0 8 0 1 0 NC_12
A 2692400 -1727200 203200 0 3 3 #=E1
A 0 0 9 0 3 0 PINTYPE=BI
P 21 3048000 -2032000 2540000 -2032000 0 3 0
L 2463800 -2032000 228600 0 8 0 1 0 NC_13
A 2692400 -1981200 203200 0 3 3 #=E2
A 0 0 9 0 3 0 PINTYPE=BI
P 22 3048000 -2286000 2540000 -2286000 0 3 0
L 2463800 -2286000 228600 0 8 0 1 0 NC_14
A 2692400 -2235200 203200 0 3 3 #=E3
A 0 0 9 0 3 0 PINTYPE=BI
P 23 3048000 -2540000 2540000 -2540000 0 3 0
L 2463800 -2540000 228600 0 8 0 1 0 NC_15
A 2692400 -2489200 203200 0 3 3 #=E4
A 0 0 9 0 3 0 PINTYPE=BI
P 24 3048000 -2794000 2540000 -2794000 0 3 0
L 2463800 -2794000 228600 0 8 0 1 0 NC_16
A 2692400 -2743200 203200 0 3 3 #=E5
A 0 0 9 0 3 0 PINTYPE=BI
E
