V 54
K 1
D 0 -2032000 3810000 2032000
Y 1
U 3429000 2032000 254000 0 2 3 REFDES=J?
U 3429000 1778000 254000 0 2 3 DEVICE=DM3AT-SF-PEJM5_41_
U 3429000 1524000 254000 0 2 0 PKG_TYPE=DM3ATSFPEJM541
U 3429000 1270000 254000 0 2 0 Description=Memory Card Connectors SD R/A PUSH-PUSH SMD CONN MICRO
U 3429000 1016000 254000 0 2 0 Datasheet Link=https://www.hirose.com/en/product/document?clcode=CL0609-0031-0-00&productname=DM3AT-SF-PEJM5&series=DM3&documenttype=2DDrawing&lang=en&documentid=0000947170
U 3429000 762000 254000 0 2 0 Height=
U 3429000 508000 254000 0 2 0 Mouser Part Number=798-DM3ATSFPEJM541
U 3429000 254000 254000 0 2 0 Mouser Price/Stock=https://www.mouser.co.uk/ProductDetail/Hirose-Connector/DM3AT-SF-PEJM541?qs=iyLo5FA4poAlFf1J7h9Amg%3D%3D
U 3429000 0 254000 0 2 0 Manufacturer_Name=Hirose
U 3429000 -254000 254000 0 2 0 Manufacturer_Part_Number=DM3AT-SF-PEJM5(41)
U 0 0 254000 0 1 0 FORWARD_PCB=1
l 5 508000 1524000 3302000 1524000 3302000 -1524000 508000 -1524000 508000 1524000
|GRPHSTL -1 -1 -1 1
P 1 2794000 2032000 2794000 1524000 0 0 0
L 2794000 1447800 228600 1 8 0 1 0 DAT2
A 2743200 1676400 203200 1 3 3 #=1
A 0 0 9 0 3 0 PINTYPE=BI
P 2 2540000 2032000 2540000 1524000 0 0 0
L 2540000 1447800 228600 1 8 0 1 0 CD/DAT3
A 2489200 1676400 203200 1 3 3 #=2
A 0 0 9 0 3 0 PINTYPE=BI
P 3 2286000 2032000 2286000 1524000 0 0 0
L 2286000 1447800 228600 1 8 0 1 0 CMD
A 2235200 1676400 203200 1 3 3 #=3
A 0 0 9 0 3 0 PINTYPE=BI
P 4 2032000 2032000 2032000 1524000 0 0 0
L 2032000 1447800 228600 1 8 0 1 0 VDD
A 1981200 1676400 203200 1 3 3 #=4
A 0 0 9 0 3 0 PINTYPE=BI
P 5 1778000 2032000 1778000 1524000 0 0 0
L 1778000 1447800 228600 1 8 0 1 0 CLK
A 1727200 1676400 203200 1 3 3 #=5
A 0 0 9 0 3 0 PINTYPE=BI
P 6 1524000 2032000 1524000 1524000 0 0 0
L 1524000 1447800 228600 1 8 0 1 0 VSS
A 1473200 1676400 203200 1 3 3 #=6
A 0 0 9 0 3 0 PINTYPE=BI
P 7 1270000 2032000 1270000 1524000 0 0 0
L 1270000 1447800 228600 1 8 0 1 0 DAT0
A 1219200 1676400 203200 1 3 3 #=7
A 0 0 9 0 3 0 PINTYPE=BI
P 8 1016000 2032000 1016000 1524000 0 0 0
L 1016000 1447800 228600 1 8 0 1 0 DAT1
A 965200 1676400 203200 1 3 3 #=8
A 0 0 9 0 3 0 PINTYPE=BI
P 9 3048000 2032000 3048000 1524000 0 0 0
L 3048000 1447800 228600 1 8 0 1 0 MP1
A 2997200 1676400 203200 1 3 3 #=MP1
A 0 0 9 0 3 0 PINTYPE=BI
P 10 0 0 508000 0 0 2 0
L 584200 0 228600 0 2 0 1 0 MP2
A 355600 50800 203200 0 9 3 #=MP2
A 0 0 9 0 3 0 PINTYPE=BI
P 11 0 -254000 508000 -254000 0 2 0
L 584200 -254000 228600 0 2 0 1 0 MP3
A 355600 -203200 203200 0 9 3 #=MP3
A 0 0 9 0 3 0 PINTYPE=BI
P 12 0 -508000 508000 -508000 0 2 0
L 584200 -508000 228600 0 2 0 1 0 MP4
A 355600 -457200 203200 0 9 3 #=MP4
A 0 0 9 0 3 0 PINTYPE=BI
P 13 3810000 0 3302000 0 0 3 0
L 3225800 0 228600 0 8 0 1 0 MP5
A 3454400 50800 203200 0 3 3 #=MP5
A 0 0 9 0 3 0 PINTYPE=BI
P 14 1778000 -2032000 1778000 -1524000 0 1 0
L 1778000 -1447800 228600 1 2 0 1 0 MP6
A 1727200 -1676400 203200 1 9 3 #=MP6
A 0 0 9 0 3 0 PINTYPE=BI
P 15 762000 2032000 762000 1524000 0 0 0
L 762000 1447800 228600 1 8 0 1 0 MP7
A 711200 1676400 203200 1 3 3 #=MP7
A 0 0 9 0 3 0 PINTYPE=BI
E
